Irkutsk  (3998,674)  (4047,662)  (4006,720)  (4056,712)
Sea Zone 69  (5416,1152)  (5429,1079)  (5505,1173)  (5493,1090)  (5459,1006)  (5533,1012)  (5501,936)  (5416,1231)  (5475,1255)  (5583,1104)  (5575,1185)  (5560,1263)
Svalbard  (2426,2)
South America  (798,2095)
Angola  (2261,2102)
Bordeaux  (1974,936)  (1933,987)  (1930,938)  (1976,989)
Sudan  (2479,1593)  (2537,1555)  (2572,1631)  (2446,1647)  (2500,1671)  (2553,1683)  (2481,1736)  (2534,1772)
Novaya Zemlya  (3584,2)
Tibet  (3531,1259)
Greece  (2342,1068)  (2365,1121)
Iran  (2948,1279)  (2887,1236)  (2937,1207)  (2992,1184)  (2999,1240)  (3005,1303)  (2854,1182)  (3055,1356)
Baku  (2860,1067)
Baltics  (2373,628)  (2423,641)  (2468,633)  (2425,592)  (2435,546)
Kaluga  (2647,647)  (2631,693)  (2694,633)  (2679,693)  (2722,682)  (2737,636)
Samara  (2809,971)  (2842,919)  (2891,878)
Bereznik  (2859,298)  (2933,248)  (2940,324)  (2892,378)  (2950,378)  (3003,345)  (3097,391)  (3160,466)
Borneo  (4086,1857)  (4030,1892)  (4082,1921)  (4129,1886)  (4130,1819)
Buryatia  (3962,755)  (3913,790)  (4007,771)  (3959,800)  (4008,821)
Victoria  (4582,2525)  (4644,2490)  (4720,2532)  (4647,2574)  (4714,2605)  (4680,2659)  (4619,2633)  (4578,2587)  (4510,2570)  (4513,2500)  (4760,2580)  (4627,2705)
Britain  (1867,753)  (1881,707)  (1870,662)  (1842,619)  (1838,574)
Lorraine  (2012,896)  (2057,894)  (2052,852)
Central Asia  (3111,886)  (3187,837)  (3216,954)  (3146,980)  (3049,956)  (3011,850)  (3062,1030)  (3260,884)  (3132,1053)  (3228,1036)  (3304,990)
Congo  (2339,1877)  (2415,1848)  (2323,1960)  (2386,2007)  (2401,1935)  (2444,2016)  (2455,1934)  (2470,1851)
Bratsk  (3901,661)  (3853,671)  (3859,713)  (3860,763)  (3912,711)
E.Burma  (3759,1519)  (3734,1564)  (3781,1474)
Turkey  (2577,1094)
M.Mongolia  (3954,872)  (3945,932)  (3997,938)  (3880,978)  (3928,990)  (3979,988)
S.Manchuria  (4230,965)  (4284,956)  (4285,1009)  (4182,956)  (4337,1002)  (4228,1017)  (4175,1009)  (4272,1056)  (4320,1056)
W.India  (3286,1306)  (3241,1367)  (3305,1411)  (3316,1357)  (3336,1242)  (3353,1297)  (3177,1342)  (3366,1427)  (3349,1496)  (3409,1489)  (3361,1557)  (3363,1611)
Finland  (2423,400)  (2398,448)  (2435,341)  (2427,293)  (2413,243)  (2412,196)
Sumatra  (3864,1926)  (3823,1880)  (3789,1833)  (3900,1968)
N.Italy  (2167,1011)  (2089,959)  (2134,944)
Vyborg  (2474,454)  (2517,422)
Sinkiang  (3632,1078)  (3558,1127)  (3497,1127)  (3410,1111)  (3509,1065)  (3562,1051)  (3519,993)  (3594,963)  (3634,1010)  (3697,1059)
Germany  (2147,736)  (2151,807)  (2278,726)  (2207,809)  (2271,786)  (2156,863)  (2097,795)  (2210,874)  (2335,729)  (2346,797)
Crete  (2411,1200)
Kwangtung  (4070,1445)  (4024,1466)  (3979,1464)  (4114,1428)  (4082,1382)  (4126,1382)  (4173,1360)
W.Burma  (3727,1425)  (3724,1474)  (3677,1443)  (3759,1379)
Libya  (2252,1332)  (2194,1301)  (2340,1328)  (2308,1375)  (2185,1369)  (2250,1388)  (2317,1433)  (2371,1374)  (2375,1432)
Arkhangelsk  (2720,229)  (2764,216)  (2765,264)
Moscow  (2956,547)  (2936,486)  (3003,592)  (2986,441)  (3055,576)  (3034,445)  (3099,536)  (3087,481)  (3042,494)
Middle East  (2668,1226)  (2714,1185)  (2721,1239)  (2625,1285)  (2767,1188)  (2766,1239)  (2811,1276)
Sweden  (2271,333)
S.Norway  (2096,508)  (2094,453)  (2143,480)  (2137,430)  (2146,382)
Siberia  (3969,235)
N.Norway  (2356,137)  (2277,175)  (2215,252)  (2427,123)
E.Canada  (541,732)  (550,671)  (612,628)  (619,681)  (548,605)  (605,741)  (535,790)  (587,801)  (678,653)  (681,719)  (682,775)  (756,741)
Yekaterinburg  (3081,657)  (3145,607)  (3222,645)  (3152,664)  (3008,667)  (3037,738)  (3214,701)  (3099,720)  (3279,629)  (3280,694)  (3333,746)  (3367,804)
W.Mexico  (6718,1370)  (6662,1332)  (6711,1326)  (6768,1372)  (6749,1423)  (6774,1487)
Java  (3974,2021)  (4028,2029)
Shanghai  (4107,1127)  (4047,1076)  (4098,1079)  (4091,1182)  (4150,1190)  (4087,1251)  (4154,1263)
Vyazma  (2750,453)  (2773,507)  (2721,507)  (2699,403)  (2747,397)  (2795,408)  (2705,349)  (2753,349)  (2697,554)  (2746,566)
Hawaii  (5657,1336)  (5710,1365)
Switzerland  (2098,911)
Spain  (1856,1066)
Kweichow  (4013,1339)  (3962,1353)  (3977,1407)  (3915,1360)  (4022,1387)  (4068,1327)
Sicily  (2209,1143)
S.Italy  (2204,1037)  (2249,1072)
Normandy  (1924,847)  (1968,847)  (1985,803)  (1924,887)  (2010,843)  (1880,875)  (1967,888)
Somali  (2837,1757)  (2796,1815)  (2670,1603)  (2859,1711)  (2755,1851)
Sahara  (2275,1484)
Queensland  (4569,2366)  (4503,2323)  (4502,2381)  (4549,2421)  (4616,2324)  (4623,2368)  (4618,2424)  (4627,2271)  (4679,2371)  (4684,2422)
E.Guinea  (4626,2009)  (4672,2033)
Gibraltar  (1834,1148)
W.Mongolia  (3715,855)  (3774,827)  (3847,878)  (3766,896)  (3749,960)  (3820,939)
E.Mongolia  (4033,885)  (4080,871)  (4078,915)  (4057,966)  (4126,921)
Indochina  (3863,1561)  (3847,1618)  (3906,1614)  (3915,1667)  (3815,1555)  (3954,1625)  (3960,1670)
Marseille  (2016,982)  (2031,938)  (2057,983)
S.Africa  (2375,2365)  (2299,2326)  (2367,2271)  (2294,2413)  (2373,2509)  (2433,2481)  (2476,2369)  (2499,2437)
Celebes  (4201,1927)  (4193,1974)  (4239,1969)  (4211,1882)
Iceland  (1570,284)  (1541,331)  (1592,329)  (1617,282)
W.Australia  (4324,2356)  (4230,2396)  (4303,2466)  (4373,2409)  (4403,2318)  (4298,2411)  (4250,2470)  (4379,2482)  (4169,2448)  (4191,2552)  (4288,2537)  (4358,2543)
Yugoslavia  (2240,949)  (2281,965)  (2324,994)
Mozambique  (2644,2135)
Arabia  (2772,1428)
Sevastopol  (2601,964)
Novosibirsk  (3542,706)  (3540,653)  (3597,627)  (3542,600)  (3598,681)  (3494,750)  (3457,802)  (3552,758)  (3516,822)  (3609,749)
Solomon  (4990,2004)
Algeria  (1964,1206)  (2030,1195)  (1897,1232)  (1953,1268)  (2019,1249)  (2021,1312)  (2086,1227)  (2082,1278)  (2086,1343)
Midway  (5296,1327)
S.Guinea  (4575,2055)  (4619,2059)
E.Mexico  (14,1422)  (14,1493)  (64,1557)  (186,1570)  (289,1629)
Hungary  (2312,867)  (2284,911)  (2330,911)  (2364,868)
Chahar  (3986,1149)  (3940,1155)  (3933,1108)  (3979,1101)  (3910,1061)  (3956,1053)  (4019,1196)
Japan  (4507,1198)  (4564,1144)  (4461,1217)  (4580,1098)  (4416,1225)  (4591,1052)  (4615,1005)  (4398,1266)
W.Canada  (6479,534)  (6604,514)  (6704,597)  (6626,678)  (6579,617)  (6444,656)  (6471,740)  (6641,774)  (6530,676)  (6564,800)  (6729,730)
Leningrad  (2540,465)  (2583,473)  (2526,511)  (2573,517)
Tambov  (2775,735)  (2724,743)  (2789,691)  (2835,715)
Ceylon  (3436,1759)
W.Guinea  (4536,1979)  (4446,1966)  (4579,2009)
Yunnan  (3828,1415)  (3827,1461)  (3873,1404)  (3874,1456)  (3918,1436)
Hsining  (3821,1204)  (3770,1171)  (3771,1234)  (3725,1160)  (3725,1206)  (3676,1174)  (3680,1225)  (3819,1250)
Belarus  (2454,700)  (2480,752)  (2422,746)  (2513,675)  (2526,728)  (2570,709)  (2560,660)
W.USA  (6513,1002)  (6609,947)  (6643,1034)  (6551,1064)  (6515,927)  (6702,909)  (6725,999)  (6477,1096)  (6533,1174)  (6556,1121)  (6618,1112)  (6617,1180)  (6692,1084)  (6685,1150)  (6697,1215)
Caucasus  (2789,1055)  (2741,1023)  (2787,1012)
Rhodesia  (2543,2076)  (2538,1979)  (2612,2052)  (2561,1895)  (2611,1846)  (2627,1898)  (2631,1963)  (2679,1885)
W.Africa  (2008,1496)  (1917,1562)  (1990,1656)  (2015,1588)  (2079,1536)  (2099,1608)  (2101,1684)  (2160,1555)  (2179,1632)  (2187,1708)  (2246,1626)
Suiyuan  (3791,1054)  (3838,1041)  (3778,1100)  (3824,1096)  (3837,1140)  (3881,1126)
Ethiopia  (2661,1700)  (2716,1716)  (2657,1748)  (2707,1769)  (2762,1750)  (2720,1812)
El Alamein  (2451,1343)  (2450,1298)  (2452,1388)  (2452,1435)
Afghanistan  (3149,1229)
W.Sahara  (1661,1451)
Ryazan  (2864,560)  (2905,606)  (2851,608)  (2857,501)  (2863,656)  (2806,615)  (2911,655)
Malta  (2206,1193)
Netherlands  (2034,794)  (2058,749)
Karelia  (2491,304)  (2506,353)  (2507,219)  (2562,253)  (2555,376)  (2607,370)
Guadalcanal  (5093,2062)
E.Ukraine  (2595,852)  (2567,895)  (2614,896)  (2659,884)  (2664,839)
Szechwan  (3777,1314)  (3733,1311)  (3823,1306)  (3821,1350)  (3865,1340)
Kursk  (2622,755)  (2572,770)  (2561,813)  (2614,809)  (2665,754)  (2658,796)
E.USA  (398,1092)  (386,1165)  (312,1162)  (239,1075)  (239,1164)  (175,1016)  (130,1091)  (147,1165)  (173,1230)  (270,1249)  (336,1228)  (472,1043)  (528,1013)
Alaska  (5785,205)  (5873,163)  (5778,140)  (5927,117)  (5829,107)  (5954,197)  (5861,255)  (5772,317)  (5780,399)  (5858,329)  (5913,392)
Rostov  (2738,846)  (2717,797)  (2760,797)  (2714,893)  (2760,897)  (2695,943)  (2741,945)
Novgorod  (2536,590)  (2493,553)  (2493,595)  (2579,582)  (2620,551)
N.Manchuria  (4255,786)  (4293,839)  (4237,841)  (4178,862)  (4272,890)  (4354,880)  (4369,938)  (4426,921)
Romania  (2386,946)  (2430,926)  (2386,995)  (2431,969)  (2432,1013)
Philippines  (4237,1610)  (4241,1664)  (4292,1659)  (4265,1722)  (4322,1713)  (4315,1764)
Hupeh  (3986,1259)  (3935,1232)  (3893,1279)  (3894,1195)  (3941,1285)
E.India  (3522,1403)  (3467,1377)  (3469,1425)  (3573,1386)  (3519,1457)  (3486,1507)  (3448,1561)  (3580,1444)  (3624,1386)  (3669,1387)
Stalingrad  (2825,773)  (2872,786)  (2821,818)  (2867,829)
W.Ukraine  (2433,842)  (2446,798)  (2469,888)  (2491,803)  (2481,843)  (2512,889)  (2496,933)
Krasnoyarsk  (3749,649)  (3696,671)  (3703,724)  (3751,699)  (3756,746)  (3797,669)  (3797,715)
Omsk  (3392,621)  (3442,608)  (3474,655)  (3381,673)  (3431,663)  (3429,706)
Cairo  (2519,1353)  (2518,1307)  (2520,1399)  (2524,1445)  (2571,1438)
Amur  (4171,692)  (4121,733)  (4168,753)  (4081,780)  (4128,798)  (4218,697)  (4280,696)
Denmark  (2115,630)
Greenland  (1054,279)  (986,211)  (1154,225)  (1034,98)  (1152,58)  (1246,95)
Sea Zone 36  (2615,434)  (2654,468)
Sea Zone 38  (3109,21)  (3171,37)  (3236,7)  (3345,18)  (3473,12)  (3545,38)
Sea Zone 39  (3707,5)  (3915,10)  (4221,5)  (4516,9)
Sea Zone 32  (2664,1016)
Sea Zone 33  (2810,863)
Sea Zone 30  (2531,969)  (2495,1018)  (2537,1014)
Sea Zone 31  (2596,1019)
Sea Zone 37  (2588,47)  (2609,116)  (2650,55)  (2680,111)  (2738,32)  (2758,97)  (2823,45)  (2909,46)
Sea Zone 34  (2902,734)
Sea Zone 35  (2879,1004)  (2926,1140)  (2886,958)
Sea Zone 40  (5121,607)  (5098,669)  (5058,605)  (5082,550)  (5144,541)  (5196,585)  (5169,662)  (5229,672)  (5231,523)  (5288,466)
Sea Zone 1  (353,955)
Sea Zone 49  (3953,1908)  (3976,1963)  (3945,1850)  (4032,1980)  (4016,1817)  (3933,1785)  (4107,2000)
Sea Zone 2  (662,259)  (565,245)  (623,160)  (719,159)  (667,97)  (573,325)  (665,373)  (757,277)  (776,370)
Sea Zone 43  (2836,2035)  (2819,1979)  (2884,1963)  (2977,1983)  (2912,2043)  (2990,2059)  (2827,2116)  (2899,2133)  (2972,2157)  (2849,2211)  (2936,2240)
Sea Zone 44  (3218,1734)  (3240,1668)  (3169,1666)  (3191,1610)  (3255,1600)  (3157,1743)  (3282,1734)  (3183,1816)  (3251,1809)  (3325,1804)
Sea Zone 41  (2963,1694)  (2981,1640)  (3039,1592)  (3041,1658)  (3034,1712)  (2948,1763)  (3030,1781)  (2928,1830)  (3026,1849)
Sea Zone 42  (3084,1433)  (3083,1482)  (3133,1435)  (3131,1483)  (3179,1477)
Sea Zone 47  (3502,2131)  (3400,2099)  (3437,2206)  (3574,2095)  (3566,2208)  (3325,2161)  (3350,2241)  (3247,2090)  (3658,2089)  (3667,2178)  (3710,2228)  (3755,2155)
Sea Zone 48  (3318,2736)  (3297,2882)  (3410,2822)  (3441,2684)  (3578,2746)  (3520,2867)  (3421,2963)  (3546,3024)  (3636,2957)  (3683,2845)  (3724,2722)  (3802,2970)
Sea Zone 45  (3590,1597)  (3642,1569)  (3680,1626)  (3631,1650)  (3576,1654)  (3528,1605)  (3518,1671)  (3541,1723)  (3600,1709)  (3694,1699)
Sea Zone 46  (3556,1854)  (3616,1819)  (3675,1819)  (3620,1880)  (3677,1879)  (3550,1926)  (3607,1948)  (3663,1949)  (3716,1951)
Sea Zone 50  (4103,1553)  (4097,1629)  (4025,1570)  (4039,1645)  (4144,1502)  (4165,1566)  (4220,1494)  (4228,1438)  (4264,1383)  (4049,1703)
Sea Zone 51  (4178,1708)  (4129,1737)  (4189,1757)  (4082,1764)  (4233,1764)
Sea Zone 7  (1762,703)  (1780,758)  (1727,760)  (1709,705)  (1807,692)  (1676,762)  (1731,813)  (1680,818)  (1777,838)
Sea Zone 8  (1464,1199)  (1511,1128)  (1421,1128)  (1441,1041)  (1528,1057)  (1533,1203)  (1396,1196)  (1389,1303)  (1475,1272)  (1551,1300)  (1463,1340)  (1559,1383)
Sea Zone 9  (1692,1157)  (1752,1199)  (1722,1097)  (1678,1041)  (1730,1015)  (1690,946)  (1754,942)  (1689,1229)  (1711,1299)
Sea Zone 3  (1155,688)  (1222,615)  (1294,702)  (1230,798)  (1219,723)  (1141,778)  (1063,714)  (1103,581)  (1237,545)  (1335,620)  (1341,795)
Sea Zone 4  (845,1179)  (887,1105)  (984,1054)  (977,1137)  (943,1232)  (798,1110)  (867,1023)  (757,1235)  (856,1274)  (983,1307)  (1038,1232)
Sea Zone 5  (1102,1703)  (1174,1648)  (1219,1724)  (1253,1828)  (1162,1778)  (1063,1772)  (1012,1689)  (1085,1611)  (1275,1655)  (1326,1774)
Sea Zone 6  (1858,486)  (1793,531)  (1782,474)  (1710,485)  (1719,541)  (1681,604)  (1750,598)  (1920,483)  (1899,543)  (1953,545)  (1902,605)  (1952,602)
Sea Zone 18  (2321,400)  (2359,357)  (2287,445)  (2331,443)  (2330,485)
Sea Zone 19  (2378,512)
Sea Zone 16  (2151,661)  (2194,671)  (2238,665)  (2280,656)  (2320,636)
Sea Zone 17  (2268,552)  (2312,580)  (2309,534)
Sea Zone 10  (1649,1845)  (1601,1929)  (1559,1857)  (1583,1790)  (1733,1847)  (1697,1912)  (1652,1995)  (1749,1975)  (1784,1917)  (1859,1977)
Sea Zone 54  (4164,2136)  (4099,2116)  (4111,2182)  (4030,2126)  (4023,2212)  (4044,2319)  (4127,2263)  (4181,2211)  (4249,2137)  (4261,2203)  (4334,2143)
Sea Zone 11  (1376,257)  (1398,195)  (1300,310)  (1314,245)  (1380,340)  (1307,381)  (1452,392)  (1448,301)  (1490,173)  (1567,177)  (1602,100)
Sea Zone 55  (4519,2113)  (4475,2066)  (4479,2159)  (4531,2177)  (4537,2240)  (4573,2130)  (4576,2178)
Sea Zone 52  (4283,1921)  (4289,1964)  (4230,1832)  (4291,1830)  (4290,2008)
Sea Zone 53  (4443,1830)  (4472,1773)  (4503,1830)  (4528,1771)  (4388,1781)  (4395,1848)  (4447,1900)  (4506,1903)  (4558,1907)
Sea Zone 14  (1920,666)  (1965,665)  (1959,711)  (1949,756)
Sea Zone 58  (4950,1074)  (4892,1039)  (4891,1104)  (4972,1133)  (4980,1195)  (4914,1174)  (4932,1245)  (4877,1239)  (4991,1253)  (4920,1298)  (4976,1301)
Sea Zone 15  (2074,671)  (2028,668)  (2021,714)
Sea Zone 59  (4878,1522)  (4955,1454)  (4965,1585)  (4880,1640)  (4792,1563)  (4836,1458)  (4967,1686)  (4937,1800)  (4855,1715)  (4997,1842)
Sea Zone 12  (1908,238)  (1874,187)  (1945,173)  (1869,110)  (2010,221)  (1980,107)  (1800,217)  (1818,306)  (1902,304)  (2007,309)
Sea Zone 56  (4288,1249)  (4332,1300)  (4274,1301)  (4263,1194)  (4405,1118)  (4406,1165)  (4465,1297)  (4542,1298)
Sea Zone 13  (2058,573)  (2069,620)  (2015,619)  (2005,573)  (2024,527)  (2023,475)  (2106,569)  (2158,583)
Sea Zone 57  (4415,1449)  (4482,1412)  (4563,1465)  (4492,1483)  (4411,1534)  (4432,1619)  (4485,1562)  (4539,1586)  (4486,1661)  (4552,1678)
Sea Zone 61  (4817,2184)  (4845,2133)  (4797,2093)  (4748,2156)  (4740,2246)  (4804,2248)  (4821,2334)  (4876,2235)  (4910,2313)  (4924,2170)  (4911,2106)
Sea Zone 62  (4958,2709)  (4922,2799)  (4985,2886)  (5005,2793)  (5046,2722)  (5042,2647)  (5129,2748)  (5089,2830)  (5095,2922)  (5155,2673)
Sea Zone 60  (4745,1930)  (4787,1997)  (4823,1934)  (4850,1996)  (4896,1926)  (4917,1998)  (4951,1929)  (5004,1930)
Sea Zone 29  (2417,1091)  (2426,1133)  (2461,1177)
Sea Zone 27  (2263,1184)  (2311,1144)  (2264,1139)  (2251,1229)  (2312,1191)  (2299,1238)  (2356,1221)
Sea Zone 28  (2490,1232)  (2441,1236)  (2536,1247)  (2535,1198)  (2580,1244)  (2592,1199)
Sea Zone 21  (1825,909)  (1870,917)  (1826,961)  (1874,968)
Sea Zone 65  (5363,2072)  (5439,2035)  (5523,2057)  (5441,2120)  (5504,2123)  (5372,2150)  (5410,2217)  (5498,2200)  (5575,2161)  (5589,2113)
Sea Zone 22  (1233,2783)  (1160,2736)  (1207,2677)  (1288,2612)  (1292,2706)  (1381,2668)  (1376,2775)  (1301,2845)  (1410,2862)
Sea Zone 66  (6366,2254)  (6303,2203)  (6386,2136)  (6485,2172)  (6494,2265)  (6312,2143)  (6478,2093)  (6432,2321)  (6316,2349)  (6498,2389)
Sea Zone 63  (5223,902)  (5257,974)  (5215,1035)  (5183,961)  (5259,1102)  (5173,1115)  (5254,1198)  (5185,1186)  (5235,1271)  (5175,1280)
Sea Zone 20  (1818,853)  (1860,841)  (1903,831)  (1945,808)  (1986,771)
Sea Zone 64  (5222,1544)  (5184,1475)  (5244,1421)  (5244,1728)  (5243,1629)  (5187,1680)  (5160,1609)  (5250,1805)
Sea Zone 25  (2105,1016)  (2149,1056)  (2105,1056)  (2190,1089)
Sea Zone 26  (2235,1012)  (2198,975)  (2282,1045)  (2300,1093)
Sea Zone 23  (2228,2820)  (2247,2738)  (2344,2702)  (2333,2774)  (2428,2792)  (2357,2873)  (2243,2910)  (2461,2892)  (2333,2973)  (2423,2964)
Sea Zone 67  (197,2219)  (227,2132)  (289,2190)  (306,2263)  (165,2143)  (288,2130)  (210,2294)  (238,2377)  (304,2415)  (326,2348)  (360,2488)
Sea Zone 24  (1988,1121)  (2031,1094)  (2030,1137)  (2073,1117)  (1945,1145)  (2115,1128)
Sea Zone 68  (5503,554)  (5435,525)  (5380,555)  (5431,575)  (5364,613)  (5486,610)  (5413,640)  (5337,682)  (5447,688)  (5544,676)
Sea Zone 70  (5800,1213)  (5844,1146)  (5881,1214)  (5783,1157)  (5791,1274)  (5874,1292)  (5811,1350)  (5872,1416)  (5935,1367)  (5958,1426)  (5873,1362)  (5916,1501)
Sea Zone 71  (5411,1547)  (5385,1475)  (5448,1413)  (5472,1491)  (5529,1447)  (5344,1610)  (5451,1592)  (5358,1680)  (5430,1677)  (5413,1766)